DHFR mutation	kcat	Km	kcat_std	Km_std
I5K	2.10	62.00	0.32	1.40
I5F	3.78	7.60	0.54	1.04
V13H	0.70	1.90	0.05	0.10
E17V	0.40	1.20	0.10	0.58
M20Q	2.85	3.00	0.68	0.57
M20I	7.69	3.57	1.21	0.19
P21L	3.19	4.08	0.56	0.49
W22H	1.89	18.00	0.06	1.20
A26T	3.70	7.65	0.30	1.10
D27N	0.05	330.00	0.01	78.90
D27E	14.31	56.40	1.49	5.25
L28F	18.50	9.90	0.62	0.80
L28Y	19.20	21.20	0.75	1.60
L28R	1.13	0.95	0.05	0.09
W30G	8.18	9.49	0.70	2.12
W30R	8.62	4.97	1.05	0.30
F31V	8.65	108.00	0.29	6.80
F31Y	20.61	80.00	2.12	14.00
F31Y.G121V	0.13	90.60	0.01	7.40
F31Y.L54I	1.94	168.30	0.16	21.40
V40A	24.05	7.47		
M42F	79.20	13.00	1.72	1.00
M42F.G121V	0.40	71.80	0.04	13.20
L54I	7.88	35.00	0.28	3.40
L54F	6.30	0.70	0.10	0.10
I61V	8.99	2.43		
V75H	15.50	3.39		
V75I	18.25	3.31		
V88I	13.80	4.42		
I91V	17.87	3.48		
I94L	7.71	14.87	1.45	1.44
R98P	2.82	34.93	0.41	4.65
L112V	11.45	4.89		
T113V	32.90	21.40	0.50	1.10
I115V	10.26	4.93		
I115A	7.59	15.18		
G121V	0.30	6.10	0.01	0.60
W133F	13.45	1.98		
A145T	10.00	2.78		
F153S	5.62	11.32	1.22	3.29
I155T	11.27	4.14		
I155L	12.90	2.52		
I155A	11.95	4.41		
WT	7.95	1.10	0.38	0.20